343
16
30
31
57
68
83
86
98
119
133
135
140
143
146
151
170
171
175
181
195
198
217
225
230
234
238
239
241
245
248
263
267
268
291
316
330
337
341
352
359
363
367
376
378
385
388
397
401
420
423
432
434
446
450
455
459
460
461
465
468
472
474
477
483
499
503
514
521
535
539
551
552
554
559
564
572
577
594
596
613
625
626
629
652
655
656
661
673
674
675
708
713
714
731
740
744
745
749
753
777
787
799
804
813
823
830
853
867
876
884
893
904
910
928
940
953
968
970
986
989
997
998
1001
1002
1007
1028
1034
1036
1062
1063
1088
1089
1096
1100
1112
1113
1121
1137
1139
1143
1146
1147
1149
1153
1159
1164
1177
1178
1190
1202
1206
1207
1226
1246
1253
1278
1291
1294
1306
1314
1320
1321
1331
1335
1343
1346
1356
1357
1374
1385
1396
1399
1400
1409
1411
1421
1423
1434
1435
1445
1448
1460
1461
1466
1474
1484
1485
1494
1499
1500
1505
1513
1521
1528
1534
1562
1564
1581
1584
1585
1589
1592
1596
1602
1607
1622
1627
1643
1658
1663
1669
1677
1681
1685
1691
1695
1696
1698
1712
1714
1718
1728
1729
1732
1733
1739
1743
1765
1767
1773
1783
1786
1788
1810
1818
1828
1832
1842
1846
1855
1860
1867
1868
1869
1871
1887
1892
1908
1928
1929
1939
1959
1963
1964
1965
1988
1992
1993
1994
1997
2007
2012
2039
2051
2059
2070
2071
2079
2095
2104
2108
2115
2117
2120
2124
2129
2137
2145
2151
2176
2185
2197
2203
2205
2216
2218
2227
2230
2235
2254
2255
2271
2275
2276
2282
2285
2290
2298
2303
2309
2313
2317
2319
2328
2332
2333
2335
2338
2339
2343
2349
2361
2365
2366
2369
2372
2379
2381
2386
2394
2395
2399
2403
2412
2416
2423
2436
2447
2455
2465
2485
2489
2500
2507
2512
2513
2521
2522
2550
2561
2576
2591
2603
11
5
23
43
57
73
81
96
112
122
131
146
