910
5
8
9
14
16
26
30
32
40
50
52
53
54
57
64
68
69
73
80
83
93
97
98
102
104
105
108
109
111
114
115
119
120
121
122
124
125
130
133
135
136
138
140
142
143
144
146
147
149
151
155
160
162
163
165
169
170
171
175
181
183
186
190
191
195
197
198
201
204
209
212
214
217
223
225
228
229
230
234
235
238
239
240
244
245
246
248
249
251
252
255
257
263
267
268
270
275
279
280
285
291
295
297
308
311
313
315
317
323
326
330
332
335
336
337
341
349
350
352
354
359
360
363
364
365
367
371
376
377
378
379
385
388
390
392
395
396
397
398
406
409
412
418
422
428
429
432
434
440
441
442
446
448
450
452
453
455
459
460
461
465
468
471
472
473
477
478
482
483
484
487
488
489
490
491
492
493
494
496
497
499
500
501
506
508
509
514
515
519
521
522
530
531
532
535
538
539
541
542
546
548
551
552
554
556
557
559
564
572
577
579
583
590
591
594
596
602
603
607
612
613
616
617
618
625
626
629
631
633
638
644
646
647
649
651
652
653
655
656
661
662
668
670
672
673
674
675
684
688
690
691
692
694
698
707
708
709
712
713
714
715
720
725
730
731
735
736
738
740
741
743
744
745
746
749
753
756
761
764
766
767
768
774
776
777
783
785
786
787
788
796
799
802
804
807
808
812
813
817
819
823
824
825
826
843
846
848
853
855
856
860
861
864
867
869
872
876
877
880
884
888
890
892
894
895
899
904
909
910
916
919
920
921
923
925
926
928
932
934
940
942
943
953
955
957
961
962
968
969
970
975
979
980
984
986
987
988
990
993
994
996
997
998
1001
1002
1007
1012
1015
1018
1027
1028
1034
1036
1037
1043
1046
1047
1056
1061
1062
1063
1066
1085
1087
1088
1089
1090
1092
1093
1096
1098
1099
1101
1102
1103
1107
1109
1112
1113
1115
1116
1120
1121
1126
1130
1134
1137
1139
1141
1143
1146
1147
1149
1150
1153
1159
1163
1164
1171
1174
1177
1178
1181
1186
1188
1189
1190
1192
1195
1198
1199
1200
1206
1207
1208
1215
1220
1221
1225
1226
1227
1228
1229
1230
1236
1239
1245
1246
1248
1249
1253
1254
1263
1264
1265
1266
1278
1280
1286
1288
1294
1306
1307
1308
1309
1314
1320
1322
1331
1335
1338
1341
1342
1343
1344
1345
1346
1347
1353
1356
1357
1358
1360
1362
1374
1377
1381
1383
1392
1396
1398
1399
1400
1402
1411
1412
1414
1421
1425
1426
1428
1430
1434
1435
1441
1442
1444
1445
1447
1448
1449
1453
1458
1460
1461
1463
1464
1465
1466
1470
1474
1475
1477
1482
1484
1485
1490
1492
1494
1499
1500
1502
1503
1505
1510
1513
1516
1517
1518
1519
1520
1521
1524
1528
1530
1537
1539
1542
1544
1545
1550
1552
1555
1560
1562
1563
1564
1565
1570
1575
1581
1582
1584
1585
1589
1592
1594
1596
1602
1604
1610
1612
1613
1619
1621
1622
1627
1628
1633
1637
1638
1643
1649
1650
1656
1659
1661
1663
1666
1669
1671
1677
1681
1682
1684
1686
1688
1691
1694
1695
1696
1701
1702
1703
1704
1706
1710
1712
1714
1717
1718
1721
1722
1723
1728
1729
1730
1731
1732
1733
1736
1739
1740
1741
1743
1760
1764
1765
1767
1773
1779
1783
1784
1788
1791
1793
1794
1795
1797
1801
1803
1808
1810
1811
1816
1817
1818
1821
1825
1828
1832
1834
1838
1842
1843
1844
1845
1846
1849
1851
1854
1855
1856
1858
1860
1863
1864
1867
1868
1869
1876
1877
1880
1885
1887
1891
1892
1897
1900
1901
1908
1910
1911
1924
1928
1929
1939
1952
1958
1959
1963
1964
1965
1970
1972
1974
1976
1978
1987
1988
1992
1993
1994
1997
1998
2001
2006
2007
2012
2017
2022
2023
2028
2037
2039
2041
2045
2046
2049
2050
2051
2057
2059
2060
2066
2070
2071
2079
2087
2090
2094
2095
2108
2115
2117
2120
2124
2125
2128
2129
2137
2143
2144
2145
2148
2151
2155
2164
2171
2173
2176
2181
2185
2191
2197
2200
2201
2205
2207
2212
2214
2215
2216
2218
2226
2227
2230
2231
2232
2235
2237
2245
2247
2249
2250
2255
2259
2264
2267
2269
2271
2275
2276
2279
2282
2287
2290
2292
2294
2295
2296
2303
2305
2306
2307
2309
2312
2313
2315
2317
2319
2326
2327
2328
2332
2333
2335
2337
2338
2339
2342
2343
2346
2349
2351
2354
2355
2361
2365
2366
2369
2372
2373
2379
2381
2386
2388
2389
2393
2394
2395
2399
2403
2409
2412
2413
2416
2417
2418
2423
2427
2430
2436
2439
2444
2447
2448
2455
2458
2459
2460
2461
2462
2465
2466
2469
2470
2473
2474
2475
2478
2480
2482
2484
2485
2488
2489
2490
2494
2495
2499
2500
2502
2506
2507
2510
2511
2512
2513
2514
2516
2520
2521
2522
2523
2526
2529
2532
2533
2534
2541
2542
2543
2544
2550
2559
2561
2563
2565
2567
2569
2579
2580
2586
2588
2589
2603
2605
2612
2614
37
1
5
7
23
32
43
46
49
55
56
57
63
67
72
78
80
81
84
90
93
96
98
99
107
110
116
122
123
124
131
133
134
146
149
157
158
159
