991
0
5
6
8
10
13
14
15
17
21
24
26
30
32
37
40
43
44
48
50
52
53
57
58
61
62
64
69
73
77
81
83
84
85
88
91
93
99
103
104
105
115
119
121
122
124
126
128
131
133
135
136
138
140
141
142
145
148
149
155
156
162
165
168
169
170
171
172
176
178
179
182
186
189
190
191
193
195
201
202
203
205
206
207
208
212
214
218
219
229
230
234
238
240
242
243
244
245
248
251
252
253
254
255
263
265
267
273
275
279
282
290
291
292
295
298
299
303
308
309
310
311
313
315
317
321
323
326
328
330
335
336
337
338
339
340
347
350
352
357
360
361
363
364
365
370
373
376
378
379
381
385
388
390
392
395
397
401
404
413
414
419
420
422
424
425
429
430
431
432
434
441
442
444
445
446
447
448
450
452
453
461
462
465
466
470
472
477
479
483
484
489
490
494
495
497
499
500
504
511
512
514
516
519
522
529
531
535
536
546
547
548
549
550
552
553
554
556
563
565
568
572
575
577
579
580
581
583
586
588
590
594
601
602
609
612
613
614
618
619
620
624
625
626
629
631
644
646
647
649
650
651
652
653
655
656
660
662
666
668
670
673
675
676
688
690
691
692
694
697
698
699
703
704
705
708
713
715
716
720
722
723
724
725
729
731
734
738
739
741
743
744
745
749
755
761
764
766
768
769
772
774
776
777
778
780
783
784
785
786
787
788
789
796
799
800
802
808
812
813
816
817
819
824
825
826
830
836
841
842
852
856
859
864
867
870
871
872
876
880
884
886
888
890
893
894
896
897
901
904
906
908
910
920
921
922
923
925
926
927
928
932
935
939
946
952
953
954
956
957
959
961
962
963
965
969
975
979
983
984
987
990
995
996
997
1001
1003
1005
1012
1016
1021
1026
1028
1033
1034
1036
1046
1050
1052
1053
1055
1061
1063
1065
1068
1070
1074
1081
1087
1088
1089
1092
1093
1096
1098
1099
1101
1102
1103
1107
1113
1115
1120
1121
1122
1123
1124
1125
1127
1128
1130
1131
1134
1137
1138
1139
1140
1141
1143
1146
1147
1149
1150
1153
1156
1158
1163
1166
1168
1177
1181
1183
1185
1189
1190
1192
1194
1199
1200
1202
1206
1208
1209
1211
1214
1219
1220
1223
1224
1226
1227
1228
1229
1230
1231
1232
1233
1236
1239
1241
1244
1245
1248
1249
1251
1254
1258
1263
1266
1268
1271
1275
1278
1279
1280
1286
1290
1294
1297
1298
1306
1307
1308
1309
1311
1314
1317
1319
1320
1322
1323
1328
1331
1332
1334
1336
1339
1340
1341
1342
1343
1344
1346
1347
1353
1356
1357
1360
1361
1362
1367
1369
1374
1376
1377
1379
1381
1388
1389
1392
1394
1395
1398
1399
1400
1401
1405
1408
1409
1411
1412
1414
1417
1419
1424
1425
1435
1439
1442
1444
1445
1448
1449
1456
1457
1458
1459
1463
1464
1465
1479
1482
1484
1490
1491
1492
1497
1498
1499
1500
1503
1507
1510
1513
1515
1516
1517
1519
1520
1528
1529
1530
1531
1532
1534
1535
1539
1541
1545
1551
1554
1555
1563
1568
1569
1570
1571
1573
1574
1576
1577
1578
1582
1583
1584
1585
1588
1589
1592
1594
1596
1600
1602
1606
1609
1613
1614
1618
1619
1621
1626
1627
1628
1630
1631
1633
1638
1643
1645
1649
1650
1652
1654
1656
1659
1663
1665
1666
1667
1677
1679
1681
1684
1685
1686
1688
1692
1694
1695
1696
1703
1704
1707
1709
1710
1712
1713
1715
1716
1717
1718
1719
1720
1723
1729
1731
1733
1736
1739
1740
1743
1744
1749
1754
1759
1764
1771
1773
1776
1777
1779
1788
1790
1793
1796
1798
1799
1807
1808
1810
1812
1814
1820
1821
1825
1828
1832
1833
1839
1841
1843
1844
1845
1849
1850
1851
1854
1855
1856
1858
1860
1861
1863
1867
1868
1869
1870
1871
1873
1876
1877
1889
1892
1896
1898
1909
1919
1920
1921
1922
1924
1928
1929
1931
1934
1935
1939
1957
1958
1959
1960
1961
1962
1964
1965
1966
1968
1969
1973
1980
1984
1986
1992
1993
1994
1998
1999
2002
2003
2007
2012
2013
2018
2020
2029
2041
2042
2043
2045
2046
2047
2048
2049
2051
2052
2054
2055
2056
2057
2059
2060
2061
2062
2063
2070
2071
2080
2087
2090
2093
2094
2095
2108
2109
2120
2123
2124
2126
2127
2128
2129
2137
2139
2141
2143
2144
2145
2148
2151
2153
2155
2157
2158
2163
2171
2173
2176
2181
2183
2185
2186
2187
2193
2201
2205
2207
2208
2209
2212
2215
2217
2218
2223
2226
2227
2228
2231
2238
2241
2242
2245
2247
2248
2249
2250
2265
2267
2269
2275
2280
2281
2282
2285
2286
2287
2290
2292
2293
2294
2295
2303
2305
2306
2309
2311
2313
2316
2317
2319
2326
2329
2333
2335
2338
2340
2342
2343
2345
2347
2350
2357
2358
2360
2361
2363
2365
2366
2369
2372
2373
2374
2375
2378
2379
2380
2381
2384
2392
2394
2395
2396
2398
2399
2403
2406
2410
2412
2413
2416
2419
2420
2422
2424
2425
2427
2430
2436
2444
2447
2448
2455
2458
2460
2465
2468
2470
2475
2476
2478
2480
2484
2488
2494
2502
2505
2507
2510
2511
2512
2514
2515
2517
2518
2520
2522
2524
2526
2528
2531
2532
2533
2534
2541
2542
2544
2550
2558
2559
2561
2563
2565
2569
2571
2572
2575
2582
2583
2588
2589
2591
2593
2595
2596
2601
2604
2605
2609
2610
2614
2615
2623
64
0
3
5
7
8
10
16
19
20
23
26
28
31
32
39
41
45
46
47
52
56
57
58
59
60
61
65
69
71
81
82
84
85
87
89
91
92
95
99
101
107
109
110
112
113
119
120
121
122
123
124
125
131
132
133
134
137
142
145
146
151
152
157
158
