879
3
5
6
8
14
22
26
30
32
40
42
43
52
53
60
68
69
70
71
79
81
83
84
89
91
93
102
104
105
108
113
115
118
119
121
122
124
128
133
135
138
140
142
143
144
145
152
155
156
157
159
162
163
165
166
169
170
171
172
174
175
176
181
186
190
191
194
195
196
201
202
208
209
212
214
223
228
229
230
232
235
238
240
244
245
251
252
255
263
265
267
270
275
279
286
291
295
302
309
315
317
323
326
330
336
337
338
341
342
349
350
359
363
365
367
372
373
375
376
377
378
379
385
390
392
396
397
398
406
409
412
413
422
424
425
427
428
429
432
434
440
441
442
446
449
450
452
453
457
461
465
472
473
475
476
477
478
482
484
486
487
489
492
494
497
499
501
504
507
508
509
514
515
516
517
519
525
531
535
536
538
539
541
546
547
548
552
556
559
563
565
572
577
579
580
583
588
590
591
593
594
597
601
602
610
612
613
617
618
624
625
626
628
629
630
631
633
646
647
649
651
652
653
656
659
662
666
669
670
672
673
674
675
684
688
690
691
692
693
694
698
699
707
708
710
711
712
713
714
715
720
725
731
735
736
738
739
740
741
743
744
745
749
753
756
761
764
766
769
772
774
776
777
783
784
785
786
796
798
799
801
802
803
808
812
813
816
817
819
820
824
826
835
837
841
843
848
852
855
856
858
867
871
872
873
876
880
884
888
890
892
895
897
904
907
909
910
920
922
925
928
932
933
934
935
936
938
953
955
956
961
962
966
968
969
971
979
984
986
993
996
998
1001
1002
1007
1009
1012
1013
1016
1018
1021
1027
1028
1034
1035
1036
1047
1048
1049
1053
1061
1063
1065
1074
1078
1085
1087
1088
1089
1097
1098
1101
1102
1103
1107
1113
1115
1120
1121
1127
1134
1135
1137
1138
1139
1141
1143
1144
1146
1147
1149
1150
1159
1164
1174
1177
1181
1186
1189
1190
1193
1194
1198
1199
1204
1206
1209
1215
1220
1221
1223
1225
1226
1228
1229
1230
1231
1239
1241
1244
1245
1246
1249
1253
1254
1263
1264
1266
1271
1275
1278
1280
1286
1288
1289
1290
1292
1294
1304
1306
1307
1308
1309
1311
1314
1317
1319
1320
1322
1323
1328
1329
1331
1332
1336
1340
1342
1343
1344
1346
1349
1353
1356
1357
1360
1366
1368
1374
1381
1398
1399
1400
1402
1406
1411
1412
1414
1417
1425
1426
1434
1435
1439
1442
1445
1453
1456
1458
1461
1463
1465
1470
1474
1476
1482
1484
1485
1492
1495
1499
1500
1502
1503
1511
1513
1516
1520
1521
1524
1529
1530
1535
1539
1541
1545
1550
1552
1553
1554
1555
1557
1560
1562
1563
1564
1569
1571
1573
1574
1578
1582
1584
1585
1592
1594
1596
1600
1602
1604
1609
1610
1613
1617
1618
1622
1627
1628
1629
1630
1633
1638
1650
1654
1657
1659
1661
1663
1666
1668
1670
1677
1681
1684
1686
1688
1691
1692
1694
1695
1696
1697
1703
1704
1706
1708
1710
1712
1717
1719
1723
1728
1729
1730
1731
1732
1733
1740
1741
1742
1743
1744
1754
1760
1764
1765
1766
1771
1774
1776
1777
1779
1780
1783
1784
1788
1791
1793
1795
1796
1798
1803
1806
1810
1811
1814
1815
1816
1818
1820
1825
1828
1832
1840
1843
1844
1847
1850
1855
1856
1858
1860
1861
1868
1869
1870
1873
1876
1877
1880
1885
1887
1890
1892
1896
1899
1901
1902
1910
1916
1918
1920
1921
1922
1924
1929
1935
1939
1942
1953
1957
1958
1959
1964
1965
1966
1968
1969
1979
1982
1987
1992
1994
1995
1998
1999
2001
2006
2008
2017
2035
2036
2039
2041
2045
2046
2049
2050
2051
2056
2057
2058
2060
2062
2069
2070
2071
2082
2087
2090
2093
2094
2095
2096
2108
2109
2115
2117
2120
2124
2125
2126
2128
2129
2137
2139
2141
2145
2148
2151
2155
2164
2167
2171
2173
2176
2181
2183
2185
2187
2200
2201
2204
2207
2210
2217
2218
2223
2226
2227
2231
2232
2245
2250
2253
2264
2265
2267
2269
2275
2276
2279
2282
2286
2290
2292
2294
2295
2302
2303
2306
2309
2311
2312
2313
2316
2317
2319
2326
2327
2328
2331
2332
2333
2335
2338
2339
2342
2343
2345
2349
2354
2361
2363
2365
2366
2369
2375
2377
2379
2380
2381
2386
2388
2392
2393
2394
2395
2396
2403
2406
2412
2416
2418
2419
2430
2436
2447
2448
2450
2453
2454
2455
2460
2461
2465
2466
2467
2470
2471
2473
2474
2475
2478
2480
2484
2485
2488
2489
2493
2494
2498
2500
2502
2506
2507
2511
2512
2513
2514
2515
2516
2518
2522
2523
2524
2527
2532
2533
2534
2541
2542
2544
2550
2551
2553
2556
2559
2561
2563
2565
2566
2567
2572
2582
2588
2589
2590
2595
2598
2599
2601
2603
2604
2605
2608
2613
2614
2616
2623
41
7
16
20
23
26
28
29
32
39
40
41
46
47
51
56
57
58
60
81
83
84
85
90
91
94
99
107
110
117
121
122
123
124
131
134
142
146
147
152
153
157
