878
5
6
8
9
14
16
17
21
26
30
31
40
42
43
52
53
57
64
68
69
71
77
79
83
86
91
93
98
102
103
104
108
114
115
119
120
121
122
124
125
128
133
135
138
140
142
143
144
145
146
147
155
159
162
163
165
169
170
171
175
181
186
190
192
193
195
198
199
201
203
207
208
210
212
214
219
223
225
228
229
230
234
235
238
239
240
244
245
248
251
252
253
255
256
263
265
267
268
270
275
280
282
285
289
291
295
302
306
311
313
315
317
326
330
332
336
337
338
341
349
350
352
359
363
364
365
367
371
373
378
379
384
385
388
390
392
397
406
412
422
423
428
429
432
434
440
441
446
452
455
460
461
463
465
468
470
473
476
477
478
482
483
484
487
488
489
490
492
493
494
497
499
506
508
509
512
514
515
519
530
531
535
536
539
541
542
550
552
554
557
559
564
565
569
572
577
579
583
590
591
594
596
597
599
602
610
612
613
617
618
625
628
629
631
633
638
644
646
647
649
651
652
653
655
656
660
661
662
668
670
672
673
674
680
690
692
694
707
708
711
712
713
714
715
716
720
725
727
729
731
733
736
738
739
740
741
743
744
745
746
749
753
756
761
764
766
768
769
772
774
776
777
778
783
786
787
793
794
796
799
802
807
808
811
812
813
817
823
824
825
826
832
835
837
840
843
844
845
846
848
851
853
855
856
858
864
867
869
872
874
876
877
880
884
888
892
893
894
895
899
904
906
910
920
923
925
926
928
932
933
936
938
939
940
946
953
955
957
961
962
965
967
968
971
975
979
984
986
993
996
997
998
999
1001
1002
1003
1005
1007
1009
1012
1018
1024
1036
1037
1043
1047
1048
1056
1061
1062
1063
1075
1085
1087
1088
1089
1092
1093
1096
1098
1099
1100
1101
1102
1103
1107
1111
1112
1113
1121
1130
1134
1135
1136
1137
1139
1141
1143
1146
1147
1149
1153
1159
1163
1164
1177
1178
1181
1186
1189
1190
1206
1207
1208
1209
1215
1218
1220
1221
1225
1226
1228
1229
1230
1239
1245
1246
1248
1249
1253
1254
1255
1258
1260
1262
1263
1266
1278
1280
1288
1290
1291
1294
1298
1306
1307
1308
1309
1314
1322
1323
1327
1331
1335
1340
1342
1344
1346
1350
1353
1356
1357
1360
1361
1374
1377
1381
1383
1385
1391
1396
1398
1399
1400
1402
1410
1412
1421
1423
1424
1425
1426
1434
1435
1441
1442
1444
1445
1448
1449
1452
1453
1456
1458
1460
1461
1463
1464
1465
1466
1467
1470
1474
1475
1477
1482
1484
1485
1492
1500
1502
1503
1505
1507
1511
1513
1516
1517
1520
1521
1524
1529
1530
1531
1535
1537
1540
1542
1545
1550
1552
1555
1559
1562
1564
1565
1570
1571
1582
1584
1585
1588
1589
1592
1594
1596
1600
1602
1604
1610
1613
1617
1618
1622
1627
1628
1633
1638
1642
1643
1649
1650
1655
1656
1657
1659
1661
1663
1666
1669
1674
1677
1678
1681
1684
1686
1688
1691
1692
1694
1695
1696
1698
1703
1704
1706
1708
1712
1714
1717
1718
1721
1723
1726
1728
1729
1731
1732
1733
1736
1739
1740
1741
1743
1745
1747
1748
1760
1764
1765
1766
1767
1769
1773
1774
1779
1780
1784
1786
1788
1791
1794
1795
1796
1797
1798
1803
1808
1810
1811
1814
1816
1818
1826
1828
1832
1837
1838
1842
1843
1844
1849
1851
1853
1854
1855
1856
1858
1860
1861
1862
1863
1868
1869
1871
1877
1885
1887
1890
1891
1892
1910
1916
1921
1922
1924
1928
1939
1952
1958
1959
1961
1963
1964
1965
1968
1971
1972
1974
1980
1982
1987
1988
1992
1993
1994
2001
2006
2007
2012
2017
2022
2031
2037
2039
2041
2045
2046
2049
2050
2051
2056
2059
2060
2066
2070
2071
2079
2090
2094
2095
2104
2107
2108
2117
2120
2124
2125
2126
2128
2129
2137
2138
2139
2142
2145
2148
2150
2151
2155
2164
2165
2166
2173
2176
2182
2183
2187
2195
2197
2200
2201
2205
2207
2214
2215
2218
2226
2227
2230
2231
2232
2234
2235
2245
2249
2250
2255
2264
2267
2269
2271
2275
2276
2282
2290
2292
2295
2296
2303
2306
2307
2312
2313
2316
2317
2319
2326
2327
2328
2331
2333
2335
2337
2338
2339
2343
2345
2346
2349
2351
2354
2357
2361
2362
2363
2365
2366
2369
2372
2373
2379
2381
2392
2394
2395
2396
2399
2403
2406
2409
2411
2412
2416
2417
2418
2430
2435
2436
2437
2447
2448
2454
2455
2458
2460
2461
2462
2465
2466
2473
2474
2475
2480
2482
2488
2494
2499
2500
2502
2506
2507
2510
2511
2512
2513
2514
2516
2518
2520
2521
2522
2523
2524
2526
2529
2532
2533
2534
2541
2543
2544
2550
2556
2559
2561
2563
2565
2567
2569
2575
2578
2586
2589
2599
2603
2623
2624
35
5
7
14
19
20
23
26
32
46
56
57
60
65
72
73
81
83
84
90
95
96
99
106
109
110
122
123
132
134
143
146
147
151
154
157
