944
5
6
9
16
30
31
32
40
43
44
52
53
57
62
65
68
71
74
77
83
84
86
91
93
96
99
102
103
104
105
108
109
111
115
119
122
124
125
126
128
131
133
135
138
140
142
143
144
145
146
149
151
155
159
160
162
163
165
168
169
170
171
175
176
178
181
183
186
190
191
195
197
201
203
204
208
209
212
213
217
219
223
225
228
229
230
234
238
239
240
241
244
245
248
251
253
255
263
265
267
268
270
271
275
279
280
285
291
293
297
303
311
314
315
316
317
321
328
330
336
337
338
341
349
350
352
353
354
356
357
359
360
363
364
365
366
367
371
373
376
378
379
380
384
385
388
390
392
397
398
401
402
406
407
412
420
421
422
427
428
429
430
432
440
441
446
450
452
453
455
456
457
459
460
461
462
465
466
468
470
472
473
474
476
477
478
482
483
484
488
489
491
499
503
506
508
509
514
515
519
521
530
532
535
539
541
542
551
552
554
559
564
572
573
574
575
577
578
579
583
589
590
594
595
596
597
601
609
612
613
617
618
619
620
621
625
626
629
631
633
638
644
647
649
651
652
653
655
656
661
662
668
670
672
673
674
675
684
690
692
694
695
707
708
710
712
713
714
715
720
725
729
731
736
738
739
740
741
743
744
745
746
749
753
756
757
760
764
766
768
772
774
776
777
781
783
784
786
787
794
799
802
804
807
808
812
813
819
823
824
825
826
832
836
843
846
851
853
855
859
860
861
864
867
868
876
877
880
884
888
892
893
896
897
899
901
904
907
909
910
911
912
920
923
926
927
928
932
934
936
940
953
955
956
957
962
967
968
970
975
979
983
984
986
989
990
994
996
997
998
999
1001
1002
1007
1012
1018
1024
1027
1028
1034
1035
1036
1037
1047
1048
1056
1061
1062
1063
1066
1082
1086
1087
1088
1089
1092
1093
1096
1097
1098
1099
1100
1101
1102
1103
1107
1112
1113
1121
1127
1130
1134
1137
1139
1141
1143
1146
1147
1149
1150
1153
1159
1163
1164
1177
1178
1183
1186
1187
1189
1190
1192
1198
1199
1202
1206
1207
1208
1220
1221
1223
1225
1226
1230
1239
1245
1246
1248
1253
1254
1260
1262
1263
1265
1266
1268
1271
1278
1280
1288
1290
1291
1294
1306
1307
1308
1309
1314
1320
1321
1322
1331
1334
1335
1340
1342
1343
1344
1346
1353
1356
1357
1360
1362
1374
1377
1381
1383
1385
1396
1398
1399
1400
1402
1409
1410
1411
1412
1414
1418
1421
1423
1424
1426
1430
1434
1435
1441
1445
1448
1449
1456
1458
1460
1461
1463
1465
1466
1469
1471
1474
1475
1476
1477
1482
1484
1485
1488
1489
1492
1494
1499
1500
1503
1505
1510
1511
1513
1516
1517
1518
1519
1520
1521
1527
1528
1530
1534
1537
1543
1544
1545
1548
1550
1552
1553
1555
1562
1564
1565
1570
1578
1581
1582
1583
1584
1585
1589
1592
1594
1596
1602
1604
1607
1608
1613
1618
1619
1622
1626
1627
1628
1630
1637
1638
1639
1642
1643
1649
1650
1653
1654
1656
1658
1659
1661
1663
1669
1677
1681
1684
1685
1686
1688
1691
1694
1695
1696
1698
1703
1706
1712
1714
1717
1718
1721
1723
1727
1728
1729
1730
1731
1732
1733
1736
1737
1739
1740
1741
1743
1745
1748
1760
1764
1765
1766
1767
1771
1773
1777
1779
1783
1784
1786
1788
1791
1794
1796
1797
1803
1808
1810
1811
1814
1818
1820
1825
1828
1832
1834
1837
1842
1843
1844
1846
1849
1850
1854
1855
1858
1860
1862
1867
1868
1869
1871
1872
1873
1877
1880
1887
1890
1891
1892
1897
1900
1901
1903
1908
1910
1911
1916
1918
1920
1921
1924
1926
1928
1929
1934
1939
1942
1952
1958
1959
1960
1963
1964
1965
1968
1969
1970
1974
1976
1984
1987
1988
1992
1993
1995
1997
1999
2001
2006
2007
2009
2012
2022
2028
2031
2034
2035
2037
2039
2040
2041
2042
2045
2046
2047
2049
2051
2058
2059
2060
2061
2062
2066
2070
2071
2075
2079
2082
2090
2093
2094
2095
2104
2108
2115
2117
2120
2124
2125
2128
2129
2132
2137
2142
2145
2146
2148
2151
2153
2155
2164
2165
2173
2176
2181
2183
2185
2186
2191
2194
2195
2197
2201
2203
2205
2206
2207
2214
2215
2216
2217
2218
2226
2227
2230
2231
2232
2237
2245
2253
2255
2259
2264
2267
2269
2271
2275
2276
2282
2285
2287
2290
2292
2294
2295
2296
2303
2305
2306
2307
2309
2312
2313
2315
2317
2319
2326
2327
2328
2329
2332
2333
2335
2337
2338
2339
2340
2342
2343
2349
2351
2354
2357
2358
2361
2365
2366
2368
2369
2372
2373
2375
2378
2379
2381
2386
2394
2395
2397
2399
2403
2409
2411
2412
2413
2416
2417
2418
2423
2427
2430
2436
2437
2439
2444
2447
2448
2449
2453
2455
2460
2461
2462
2465
2466
2467
2469
2470
2473
2474
2475
2480
2485
2486
2489
2494
2495
2497
2499
2500
2502
2506
2507
2510
2511
2512
2513
2514
2516
2518
2520
2521
2522
2526
2529
2539
2541
2543
2544
2550
2559
2563
2565
2567
2569
2576
2582
2586
2587
2588
2591
2593
2595
2603
2604
2608
2612
2614
2624
40
5
19
20
23
28
32
43
46
47
52
56
57
70
72
73
77
78
81
84
94
95
96
99
101
106
109
110
111
112
122
123
125
131
134
142
146
150
155
157
158
