1179
0
4
5
8
9
10
13
15
17
21
24
26
30
32
37
38
40
41
43
44
48
50
51
52
53
54
57
58
59
61
62
69
73
74
77
78
79
81
83
84
85
91
93
95
96
99
103
104
105
106
115
119
121
122
124
125
126
128
131
132
133
135
136
137
138
140
141
142
145
146
147
148
149
151
155
160
162
165
168
169
170
171
172
176
177
178
182
184
190
192
193
195
197
201
202
203
204
205
206
208
212
214
218
219
220
224
226
229
230
234
238
240
242
243
244
245
248
250
251
252
253
254
255
259
263
265
267
272
273
275
278
279
282
283
289
291
294
298
299
303
304
308
309
311
313
315
317
321
323
325
326
328
330
333
335
336
337
338
340
345
347
350
352
354
357
360
361
363
364
365
366
370
373
376
378
379
380
381
382
385
390
392
394
395
397
400
401
404
413
414
415
416
419
420
421
422
424
425
429
430
431
432
435
438
441
442
443
444
445
446
447
448
450
453
456
460
461
462
466
470
471
472
477
479
483
484
489
490
494
495
497
500
502
504
506
509
511
512
514
516
517
519
522
529
531
532
535
536
538
546
548
549
550
551
552
553
556
563
565
568
571
572
575
577
579
580
581
583
585
586
589
594
601
602
609
612
613
614
615
618
619
620
623
624
625
626
628
629
631
637
638
644
645
646
647
649
650
651
652
653
655
656
660
661
662
664
665
666
668
670
673
675
676
680
688
690
691
692
694
697
698
699
704
708
713
715
716
720
722
723
724
725
727
729
731
734
738
739
741
743
744
745
748
749
755
757
761
764
766
768
772
773
774
776
777
778
780
783
785
786
787
788
789
797
799
800
801
802
804
808
811
812
813
815
816
817
819
822
824
825
826
830
836
838
841
847
852
853
856
859
863
864
867
870
871
872
874
876
880
886
888
889
890
893
894
896
900
901
904
905
906
908
910
914
918
920
921
922
923
925
926
927
928
932
935
939
942
948
953
954
956
957
959
961
962
963
964
965
969
975
978
980
983
984
987
990
992
995
996
997
1001
1003
1005
1008
1012
1016
1021
1028
1033
1034
1036
1038
1043
1045
1046
1050
1052
1053
1055
1057
1061
1063
1066
1068
1069
1070
1087
1088
1089
1091
1092
1093
1097
1098
1099
1101
1102
1103
1107
1110
1112
1113
1114
1115
1120
1121
1122
1123
1124
1125
1126
1127
1128
1130
1132
1134
1137
1138
1139
1140
1141
1143
1146
1147
1148
1149
1150
1151
1152
1153
1156
1158
1163
1165
1166
1170
1171
1177
1179
1181
1183
1185
1187
1189
1190
1192
1194
1195
1199
1202
1206
1208
1209
1210
1211
1214
1219
1220
1226
1227
1228
1229
1230
1231
1232
1233
1236
1239
1240
1241
1244
1245
1248
1249
1251
1254
1258
1263
1265
1266
1268
1271
1273
1275
1277
1278
1279
1280
1281
1285
1286
1290
1293
1294
1297
1298
1299
1301
1305
1306
1307
1308
1309
1310
1311
1313
1314
1317
1319
1322
1323
1328
1331
1332
1333
1334
1336
1337
1339
1340
1341
1342
1343
1344
1345
1346
1347
1351
1353
1356
1357
1360
1361
1364
1365
1369
1374
1375
1376
1377
1379
1381
1389
1392
1394
1395
1398
1399
1400
1401
1405
1406
1408
1409
1411
1412
1414
1417
1418
1419
1422
1425
1429
1433
1435
1439
1444
1445
1448
1449
1456
1457
1458
1460
1463
1464
1465
1469
1475
1479
1481
1482
1484
1488
1490
1491
1492
1496
1497
1498
1499
1500
1502
1503
1505
1507
1508
1509
1510
1513
1515
1516
1517
1518
1519
1526
1528
1529
1530
1531
1532
1534
1535
1539
1541
1544
1545
1546
1547
1548
1554
1555
1563
1565
1568
1569
1570
1571
1573
1574
1576
1577
1578
1582
1583
1584
1585
1588
1589
1592
1594
1596
1599
1600
1602
1608
1609
1613
1614
1617
1618
1619
1621
1623
1626
1627
1628
1630
1631
1633
1636
1638
1643
1645
1649
1650
1652
1654
1655
1656
1660
1663
1665
1666
1667
1675
1677
1679
1681
1682
1684
1685
1686
1688
1692
1694
1696
1697
1703
1704
1709
1710
1712
1713
1714
1715
1716
1717
1718
1719
1720
1723
1726
1729
1731
1733
1736
1739
1740
1743
1744
1749
1751
1754
1756
1757
1764
1767
1771
1773
1776
1777
1781
1788
1790
1796
1797
1798
1799
1802
1807
1808
1810
1814
1820
1821
1825
1828
1829
1832
1836
1837
1838
1839
1841
1843
1844
1845
1849
1850
1851
1854
1855
1856
1857
1858
1860
1861
1863
1866
1867
1868
1869
1870
1871
1876
1877
1889
1891
1892
1896
1897
1900
1904
1906
1908
1909
1919
1922
1924
1925
1926
1928
1929
1931
1933
1934
1935
1937
1939
1943
1944
1957
1958
1959
1960
1961
1964
1965
1966
1968
1969
1973
1978
1980
1981
1984
1986
1989
1992
1993
1994
1998
1999
2002
2003
2005
2007
2012
2013
2017
2018
2020
2029
2037
2044
2045
2046
2047
2049
2051
2052
2054
2055
2056
2057
2059
2060
2061
2062
2063
2070
2071
2072
2074
2078
2080
2086
2087
2088
2090
2093
2094
2095
2108
2111
2114
2116
2120
2123
2124
2126
2127
2128
2129
2134
2137
2139
2140
2141
2143
2144
2145
2147
2148
2151
2155
2157
2158
2160
2163
2168
2169
2171
2173
2176
2178
2181
2183
2185
2186
2188
2191
2196
2197
2201
2205
2207
2209
2212
2215
2217
2218
2223
2224
2225
2226
2227
2230
2231
2239
2241
2242
2245
2246
2247
2249
2250
2251
2257
2259
2262
2265
2267
2269
2272
2274
2275
2280
2281
2282
2284
2286
2287
2290
2292
2293
2294
2295
2298
2299
2303
2305
2306
2309
2311
2313
2314
2317
2319
2326
2329
2331
2333
2335
2338
2340
2342
2343
2346
2347
2348
2350
2355
2357
2360
2361
2363
2365
2366
2369
2372
2373
2374
2375
2378
2379
2380
2381
2382
2384
2387
2389
2392
2393
2394
2395
2396
2397
2398
2403
2406
2407
2410
2412
2413
2416
2417
2419
2422
2423
2424
2425
2427
2428
2430
2433
2436
2439
2444
2447
2448
2451
2452
2453
2455
2458
2460
2465
2468
2469
2470
2476
2480
2484
2488
2494
2495
2499
2502
2504
2505
2507
2508
2509
2510
2511
2512
2514
2515
2517
2518
2520
2521
2522
2524
2526
2528
2529
2531
2532
2533
2534
2535
2536
2541
2542
2543
2544
2547
2550
2556
2558
2559
2569
2570
2571
2572
2575
2579
2582
2583
2584
2586
2588
2589
2591
2595
2600
2601
2604
2605
2612
2614
2615
2616
2617
2621
2622
85
0
2
3
5
6
7
8
10
16
19
20
23
26
27
28
31
32
39
41
43
45
46
47
48
51
52
53
54
56
57
58
59
60
61
65
67
69
71
72
78
79
81
82
84
85
86
89
90
91
93
95
96
98
99
107
108
109
110
111
112
113
116
119
120
121
122
123
124
125
129
131
132
133
134
137
141
144
145
146
148
150
151
152
157
158
