887
5
6
8
9
14
16
26
30
32
42
43
44
50
52
57
64
65
68
69
70
77
83
89
93
98
102
104
105
108
109
115
118
119
120
122
124
125
126
131
133
135
138
140
142
143
144
146
154
155
157
159
162
163
165
169
170
171
175
176
178
181
186
188
190
191
195
198
201
207
210
212
213
219
223
225
228
229
230
232
234
238
239
240
241
244
245
248
251
252
263
265
267
268
270
275
279
280
282
286
291
295
302
303
311
315
316
317
321
326
328
330
332
336
337
341
342
349
350
352
357
359
360
363
365
367
371
377
378
384
385
388
392
397
401
402
406
412
414
420
422
428
429
432
434
440
441
446
448
450
452
455
459
460
461
465
468
470
472
473
476
477
478
482
483
484
486
487
488
489
490
493
494
497
499
503
508
509
514
515
519
530
531
535
539
541
542
545
552
554
557
559
564
568
572
577
579
583
590
591
594
596
597
599
602
612
613
617
618
625
626
629
631
633
638
640
641
646
647
652
653
655
656
660
661
662
668
670
672
673
674
675
684
690
692
693
694
698
707
708
712
713
714
715
716
720
725
727
731
736
738
739
740
744
745
746
749
753
756
760
761
764
766
768
769
772
774
776
777
781
783
785
786
787
796
799
802
803
807
808
812
813
817
819
820
823
824
825
826
829
830
835
837
843
846
853
855
859
864
867
869
871
872
876
877
880
884
888
892
893
894
895
899
901
904
909
910
912
920
923
928
932
933
934
936
938
940
953
955
956
957
959
961
962
966
968
969
970
971
975
979
984
986
990
993
994
996
997
998
999
1001
1002
1005
1007
1009
1012
1013
1016
1018
1027
1028
1034
1036
1037
1043
1047
1048
1050
1054
1056
1061
1062
1063
1074
1078
1087
1088
1089
1090
1092
1093
1096
1099
1101
1102
1103
1107
1109
1112
1113
1120
1121
1127
1130
1134
1137
1139
1141
1143
1144
1146
1147
1149
1150
1153
1158
1159
1163
1164
1165
1177
1178
1181
1183
1186
1187
1189
1190
1198
1202
1206
1207
1208
1215
1218
1220
1221
1225
1226
1228
1229
1230
1236
1239
1245
1246
1248
1249
1253
1254
1258
1263
1266
1278
1280
1286
1288
1290
1294
1306
1307
1308
1309
1314
1320
1321
1322
1331
1334
1335
1340
1342
1343
1344
1346
1353
1356
1357
1360
1361
1366
1374
1377
1381
1383
1396
1399
1400
1402
1409
1411
1412
1414
1421
1424
1426
1429
1430
1434
1435
1441
1442
1445
1448
1449
1453
1456
1458
1460
1461
1463
1464
1465
1466
1470
1474
1475
1477
1482
1484
1485
1492
1494
1499
1500
1502
1505
1511
1513
1515
1516
1517
1519
1520
1521
1528
1530
1531
1534
1537
1542
1552
1562
1564
1565
1570
1571
1574
1575
1577
1578
1581
1582
1584
1585
1589
1592
1594
1596
1602
1604
1607
1610
1613
1622
1627
1628
1633
1638
1643
1644
1649
1650
1655
1656
1658
1659
1661
1663
1666
1669
1677
1678
1679
1681
1685
1686
1688
1691
1692
1694
1695
1696
1703
1704
1706
1712
1714
1717
1718
1720
1721
1723
1728
1729
1731
1732
1733
1736
1739
1740
1741
1743
1760
1764
1765
1766
1767
1773
1779
1780
1782
1783
1784
1786
1788
1791
1793
1794
1795
1797
1803
1808
1810
1811
1816
1818
1820
1825
1828
1832
1834
1837
1838
1842
1843
1844
1849
1855
1856
1858
1860
1863
1867
1868
1869
1871
1873
1877
1880
1887
1889
1891
1892
1900
1901
1910
1916
1921
1922
1924
1928
1929
1939
1946
1952
1958
1959
1963
1964
1965
1968
1972
1974
1984
1987
1988
1992
1993
1994
1998
2001
2006
2007
2012
2022
2028
2037
2039
2041
2042
2045
2046
2049
2050
2051
2056
2057
2059
2060
2062
2066
2070
2071
2075
2079
2083
2090
2093
2094
2095
2108
2115
2117
2120
2124
2125
2126
2129
2132
2137
2139
2142
2144
2145
2151
2152
2153
2155
2164
2166
2167
2173
2176
2181
2185
2187
2191
2195
2197
2200
2201
2203
2205
2206
2207
2214
2215
2216
2218
2226
2227
2230
2231
2232
2235
2255
2264
2267
2269
2271
2275
2276
2282
2285
2287
2290
2292
2294
2295
2296
2298
2303
2306
2307
2309
2312
2313
2316
2317
2319
2326
2327
2328
2332
2333
2335
2337
2338
2339
2340
2343
2346
2349
2354
2361
2362
2365
2366
2369
2372
2373
2378
2379
2381
2386
2394
2395
2397
2399
2403
2409
2412
2416
2418
2419
2420
2422
2430
2432
2435
2436
2439
2447
2448
2455
2460
2461
2465
2466
2467
2470
2473
2474
2475
2480
2482
2485
2488
2489
2490
2494
2499
2500
2502
2506
2507
2510
2511
2512
2513
2514
2516
2518
2520
2521
2522
2523
2524
2526
2529
2532
2533
2534
2537
2541
2542
2543
2544
2550
2559
2561
2563
2565
2567
2569
2575
2582
2586
2587
2588
2589
2591
2593
2603
2605
2614
2623
30
5
7
20
23
32
40
46
52
56
57
65
69
72
81
83
84
96
99
110
112
118
122
123
124
131
134
146
153
154
157
