834
5
6
9
14
16
30
32
40
42
43
52
53
57
64
69
71
83
93
98
102
105
108
109
115
119
120
122
124
125
128
133
135
138
140
142
143
144
145
146
155
159
162
163
165
169
170
171
175
176
181
190
191
195
198
201
208
209
212
214
217
223
225
228
229
230
234
238
239
240
244
245
246
248
249
251
252
253
255
257
263
265
267
268
270
271
275
279
280
291
295
299
309
311
315
317
326
330
332
336
337
341
349
350
352
359
363
365
367
371
376
377
378
384
385
388
390
392
396
397
398
406
412
414
422
428
429
432
434
440
441
446
450
452
453
455
459
460
461
465
468
472
473
477
478
482
483
484
487
488
489
490
493
494
497
499
501
508
509
514
515
519
530
531
535
536
539
541
542
550
552
554
557
559
564
572
577
580
583
590
591
594
596
597
602
610
612
613
617
618
625
626
629
631
633
638
641
644
646
647
649
651
652
653
655
656
659
661
662
666
668
669
670
672
673
674
675
680
684
688
690
692
694
698
707
708
712
713
714
715
720
725
727
729
730
731
733
735
736
738
739
740
741
743
744
745
746
749
753
756
760
761
764
766
768
774
776
777
783
785
786
787
796
799
802
807
808
812
813
817
819
823
824
825
826
830
843
846
853
855
858
864
867
869
872
876
877
880
884
888
892
894
895
897
899
904
909
910
912
920
921
923
928
932
933
934
936
940
946
953
955
957
961
962
968
969
970
975
979
984
986
988
990
993
994
996
997
998
1001
1002
1005
1007
1012
1016
1018
1024
1027
1028
1034
1036
1040
1047
1048
1053
1054
1056
1062
1063
1065
1074
1088
1089
1090
1092
1093
1096
1099
1101
1102
1103
1107
1109
1112
1113
1120
1121
1130
1134
1139
1141
1142
1143
1146
1147
1149
1150
1153
1158
1159
1163
1164
1174
1177
1178
1181
1186
1189
1190
1198
1199
1206
1207
1208
1215
1218
1220
1221
1225
1226
1228
1229
1230
1236
1239
1244
1246
1248
1249
1253
1254
1255
1259
1260
1263
1264
1266
1271
1275
1278
1280
1286
1288
1290
1294
1304
1306
1307
1308
1309
1314
1320
1322
1328
1329
1331
1335
1340
1342
1343
1344
1346
1353
1356
1357
1360
1369
1374
1377
1381
1383
1396
1398
1399
1400
1402
1411
1412
1414
1417
1421
1424
1426
1429
1434
1435
1441
1442
1445
1448
1449
1453
1458
1460
1461
1463
1464
1465
1466
1470
1474
1475
1477
1482
1484
1485
1492
1494
1499
1500
1502
1505
1511
1513
1516
1517
1520
1521
1528
1529
1530
1542
1545
1552
1555
1562
1563
1564
1565
1570
1575
1582
1584
1585
1589
1592
1594
1596
1602
1604
1610
1613
1616
1618
1622
1627
1628
1633
1638
1643
1649
1650
1655
1656
1659
1661
1663
1667
1668
1669
1677
1678
1681
1686
1688
1691
1692
1694
1695
1696
1703
1704
1706
1710
1712
1714
1717
1718
1720
1721
1723
1728
1729
1731
1732
1733
1736
1739
1740
1741
1743
1760
1764
1765
1766
1767
1773
1779
1783
1784
1788
1791
1793
1794
1795
1796
1797
1803
1808
1810
1811
1816
1818
1825
1828
1832
1834
1838
1840
1842
1843
1844
1849
1850
1854
1855
1856
1860
1863
1867
1868
1869
1872
1873
1877
1885
1887
1891
1892
1900
1901
1910
1916
1921
1922
1924
1928
1929
1939
1952
1958
1959
1963
1964
1965
1968
1972
1974
1979
1987
1988
1992
1993
1994
1998
1999
2001
2002
2003
2006
2007
2012
2020
2022
2028
2037
2039
2041
2045
2046
2047
2049
2050
2051
2056
2057
2059
2060
2062
2066
2070
2071
2079
2090
2094
2095
2108
2109
2115
2117
2120
2124
2125
2128
2129
2137
2139
2142
2143
2145
2148
2151
2155
2164
2173
2176
2183
2185
2187
2195
2197
2200
2201
2207
2214
2217
2218
2226
2227
2230
2231
2232
2235
2245
2255
2264
2267
2269
2271
2275
2276
2282
2287
2290
2292
2294
2295
2296
2303
2306
2307
2309
2312
2313
2317
2319
2326
2327
2328
2332
2333
2335
2337
2338
2339
2340
2343
2346
2349
2354
2361
2365
2366
2369
2372
2373
2379
2381
2386
2392
2393
2394
2395
2399
2403
2409
2412
2416
2418
2422
2430
2435
2436
2437
2447
2448
2455
2461
2466
2467
2470
2473
2474
2475
2478
2482
2485
2488
2489
2490
2494
2498
2500
2502
2506
2507
2510
2511
2512
2513
2514
2516
2518
2520
2521
2522
2523
2524
2526
2529
2532
2533
2539
2541
2542
2543
2544
2546
2550
2553
2559
2560
2561
2563
2565
2567
2569
2571
2572
2582
2586
2588
2589
2595
2603
2614
32
5
7
20
21
23
32
39
41
46
47
56
57
60
69
72
81
84
85
95
96
99
107
109
110
122
123
124
131
134
146
154
157
